Cargando archivo: /home/adrii/talos_public_ws/src/talos_astronaut/astronaut/urdfs/astronaut_pinocchio_no_hands.urdf
Modelo cargado correctamente. Nombre del robot: talos
frame_id: 38
n_frames: 59
Complete J:
       1        0        0        0 -0.18637    0.294   0.1365       -0        0  -0.2643        0        0        0
       0        1        0  0.18637        0  0.00493  0.00493   0.5373        0        0        0        0        0
       0        0        1   -0.294 -0.00493        0        0        0        0     0.02        0        0        0
       0        0        0        1        0        0        0        1        0        0        0        1        0
       0        0        0        0        1        0        0        0        0        1        0        0        1
       0        0        0        0        0        1        1        0        1        0        1        0        0
Jb:
       1        0        0        0 -0.18637    0.294
       0        1        0  0.18637        0  0.00493
       0        0        1   -0.294 -0.00493        0
       0        0        0        1        0        0
       0        0        0        0        1        0
       0        0        0        0        0        1
Jm:
 0.1365      -0       0 -0.2643       0       0       0
0.00493  0.5373       0       0       0       0       0
      0       0       0    0.02       0       0       0
      0       1       0       0       0       1       0
      0       0       0       1       0       0       1
      1       0       1       0       1       0       0
Complete dJ:
         0   0.604897   0.823295  -0.129314  -0.390716 -0.0999936 -0.0999936   0.502081   0.183639  -0.370191   0.183639          0  -0.388816
 -0.604897          0   -0.59688    0.56214   0.115677  -0.526938  -0.431667   0.386657  -0.304114   0.341777  -0.275585   0.388816          0
 -0.823295    0.59688          0   0.214216   0.502536  -0.239106  -0.109437   0.425304          0   0.521711          0  -0.183639   0.275585
         0          0          0          0   0.604897   0.823295   0.823295          0   0.823295     1.3789   0.931235          0    1.42411
        -0         -0         -0  -0.604897         -0   -0.59688   -0.59688  -0.934452   -1.13334         -0   -1.13334   -1.42411         -0
         0          0          0  -0.823295    0.59688          0          0  -0.823295          0    1.13334          0  -0.931235    1.39108
dJb:
         0   0.604897   0.823295  -0.129314  -0.390716 -0.0999936
 -0.604897          0   -0.59688    0.56214   0.115677  -0.526938
 -0.823295    0.59688          0   0.214216   0.502536  -0.239106
         0          0          0          0   0.604897   0.823295
        -0         -0         -0  -0.604897         -0   -0.59688
         0          0          0  -0.823295    0.59688          0
dJm:
-0.0999936   0.502081   0.183639  -0.370191   0.183639          0  -0.388816
 -0.431667   0.386657  -0.304114   0.341777  -0.275585   0.388816          0
 -0.109437   0.425304          0   0.521711          0  -0.183639   0.275585
  0.823295          0   0.823295     1.3789   0.931235          0    1.42411
  -0.59688  -0.934452   -1.13334         -0   -1.13334   -1.42411         -0
         0  -0.823295          0    1.13334          0  -0.931235    1.39108
Jg:
   0.0621346   -0.0103613  -0.00212547    -0.215161  -0.00077693  -4.4495e-05  0.000754845
 -0.00335832     0.473148   -0.0011265   0.00372762 -0.000156705 -0.000338418 -1.42415e-05
  0.00138167    0.0237704  0.000199769    0.0190982  5.20734e-05  0.000188521  0.000112221
  -0.0042364     0.920157 -0.000723412   0.00586165 -0.000224752     0.999337  -0.00013182
 -0.00479268 -0.000142402  0.000458418     0.937049  0.000495164   3.2558e-06     0.998808
    0.823403    -0.035377     0.994081     0.069149       0.9982 -0.000147952  0.000901667
dJg:
  -0.0838313     0.486544     0.183554    -0.351459     0.183581  -3.5523e-05    -0.388364
   -0.327496     0.360215    -0.301161     0.290718    -0.274605     0.388525 -0.000889326
   -0.055269     0.387272   0.00116304     0.462108  0.000695825    -0.183872     0.274526
    0.675004   -0.0292118     0.818699      1.39775     0.930053 -0.000119839      1.42413
    -0.48891    -0.865039     -1.12937   -0.0448194     -1.13213     -1.42362  -0.00045845
 0.000627152    -0.757646  0.000869202      1.09094   0.00048059    -0.930687      1.39048
